1 -418.054 32.8022 32.7245 1.25 0.11 0.07
2 -138.037 8.43091 8.39419 1.24 0.11 0.22
3 -73.9421 5.20701 5.19688 1.24 0.11 0.38
4 -49.7063 3.43436 3.43516 1.21 0.11 0.52
5 -35.4413 2.17191 2.16344 1.2 0.11 0.67
6 -26.7688 1.45997 1.448 1.2 0.11 0.82
7 -21.6542 1.47391 1.42181 1.2 0.11 0.95
8 -291.23 27.2706 27.0693 1.23 0.14 0.08
9 -100.344 5.58347 5.55035 1.22 0.15 0.22
10 -59.3677 3.31706 3.28945 1.22 0.14 0.37
11 -37.8018 2.00009 1.99491 1.21 0.14 0.53
12 -26.9561 1.30042 1.29683 1.19 0.14 0.68
13 -19.3093 0.861194 0.855575 1.19 0.15 0.82
14 -15.7095 0.818151 0.805347 1.21 0.15 0.95
15 -175.148 55.2544 53.3786 1.21 0.21 0.09
16 -71.7348 8.44533 8.19333 1.21 0.21 0.22
17 -39.4588 5.31849 5.11741 1.21 0.21 0.37
18 -25.6904 2.63689 2.55663 1.2 0.21 0.52
19 -18.7631 1.44549 1.42173 1.19 0.2 0.68
20 -14.1627 0.988148 0.969524 1.19 0.2 0.83
21 -11.7066 1.04182 0.980488 1.21 0.2 0.95
22 -118.824 111.04 88.7796 1.27 0.26 0.11
23 -58.8352 12.4161 11.2612 1.28 0.26 0.22
24 -32.5023 6.60428 6.1118 1.28 0.26 0.37
25 -21.2836 4.0923 3.71839 1.28 0.26 0.52
26 -15.1844 2.23384 2.10553 1.27 0.26 0.67
27 -11.4622 1.48977 1.40204 1.27 0.26 0.82
28 -9.29306 1.58511 1.38085 1.28 0.26 0.95
29 -86.084 258.254 168.043 1.44 0.31 0.13
30 -50.3855 57.0144 33.3776 1.44 0.31 0.22
31 -28.1049 25.7309 16.602 1.44 0.31 0.37
32 -18.5579 15.3761 10.0937 1.44 0.31 0.52
33 -13.366 9.95022 7.66557 1.44 0.31 0.67
34 -10.1596 5.7427 4.50758 1.44 0.31 0.82
35 -8.25755 6.28938 4.4167 1.44 0.31 0.95
36 -422.707 33.9873 33.9691 1.77 0.11 0.07
37 -144.126 9.87366 9.8702 1.77 0.11 0.22
38 -81.569 6.16458 6.16964 1.73 0.11 0.37
39 -54.5999 4.09532 4.09756 1.72 0.11 0.52
40 -39.7098 2.8599 2.85649 1.7 0.11 0.67
41 -30.4655 2.0849 2.07366 1.69 0.11 0.82
42 -25.0332 2.10184 2.06742 1.7 0.11 0.95
43 -294.284 20.5687 20.5375 1.76 0.14 0.08
44 -112.207 4.8055 4.79046 1.76 0.14 0.22
45 -63.6692 3.23071 3.2188 1.76 0.14 0.37
46 -42.569 2.25731 2.25727 1.74 0.14 0.52
47 -31.003 1.56559 1.56742 1.73 0.14 0.67
48 -22.1219 1.04033 1.038 1.72 0.15 0.82
49 -18.0906 1.00164 0.992724 1.71 0.15 0.95
50 -184.255 36.7037 36.7975 1.74 0.2 0.09
51 -73.9155 5.46746 5.37078 1.73 0.21 0.22
52 -41.8222 3.56978 3.4802 1.73 0.21 0.37
53 -27.9587 2.05228 2.00375 1.73 0.21 0.52
54 -20.3249 1.30368 1.28321 1.72 0.21 0.67
55 -16.1291 1.01729 1.01134 1.72 0.2 0.83
56 -13.4209 0.958645 0.941868 1.72 0.2 0.95
57 -118.351 69.1991 77.2661 1.72 0.26 0.11
58 -57.6017 7.46783 7.04584 1.72 0.27 0.22
59 -32.5561 4.04151 3.80753 1.72 0.27 0.37
60 -21.7424 2.79896 2.58361 1.72 0.27 0.52
61 -15.815 1.80077 1.71909 1.72 0.27 0.67
62 -12.1256 1.06557 1.03265 1.72 0.27 0.82
63 -9.92127 0.98418 0.950091 1.72 0.27 0.95
64 -83.0989 175.653 136.634 1.72 0.32 0.13
65 -49.0808 14.1822 11.8499 1.75 0.32 0.22
66 -27.7729 5.70719 4.94113 1.75 0.32 0.37
67 -18.5683 3.6054 3.13347 1.75 0.32 0.52
68 -13.5202 2.59934 2.26256 1.75 0.32 0.67
69 -10.3765 1.62038 1.5265 1.75 0.32 0.82
70 -8.49742 1.43499 1.33857 1.75 0.32 0.95
71 -41.0718 41.3321 38.3237 1.91 0.37 0.23
72 -24.4926 22.2892 13.4095 1.91 0.37 0.37
73 -16.4664 13.9765 7.86151 1.91 0.37 0.52
74 -12.0505 8.88022 5.33077 1.91 0.37 0.67
75 -9.29154 6.03127 4.5708 1.91 0.37 0.82
76 -7.63749 5.66303 4.1802 1.91 0.37 0.95
77 -387.809 79.4486 79.3315 2.08 0.12 0.07
78 -140.232 22.1991 22.1943 2.08 0.12 0.21
79 -76.7311 15.0293 15.0404 2.08 0.12 0.37
80 -53.0998 11.1658 11.1718 2.07 0.12 0.51
81 -38.2131 7.82991 7.81252 2.07 0.12 0.67
82 -29.6284 5.97741 5.90467 2.07 0.12 0.82
83 -24.4615 6.38156 6.12286 2.07 0.12 0.95
84 -296.199 21.2881 21.2843 2.39 0.14 0.08
85 -107.206 4.6448 4.63965 2.41 0.15 0.22
86 -61.9159 3.28934 3.28848 2.39 0.15 0.37
87 -42.1527 2.25842 2.26082 2.38 0.15 0.52
88 -31.1564 1.62399 1.62565 2.36 0.15 0.67
89 -24.2181 1.197 1.1963 2.34 0.15 0.82
90 -18.7362 1.09661 1.09378 2.34 0.16 0.95
91 -184.67 27.427 27.6582 2.52 0.2 0.09
92 -79.5624 3.94407 3.92099 2.51 0.2 0.22
93 -46.0352 2.33628 2.31621 2.5 0.2 0.37
94 -31.4225 1.65772 1.64286 2.51 0.2 0.52
95 -23.2829 1.25621 1.2485 2.5 0.2 0.67
96 -18.1114 1.00793 1.00786 2.47 0.2 0.82
97 -14.9858 1.04309 1.04596 2.45 0.2 0.95
98 -117.867 49.7546 56.5034 2.47 0.26 0.11
99 -58.3 4.81313 4.7065 2.46 0.27 0.22
100 -33.6736 2.77288 2.67001 2.45 0.27 0.37
101 -22.9183 1.94661 1.85496 2.44 0.27 0.52
102 -16.9614 1.2648 1.21401 2.44 0.27 0.67
103 -13.1981 0.874345 0.849665 2.43 0.27 0.82
104 -10.9324 0.868305 0.845095 2.43 0.27 0.95
105 -82.0872 163.744 136.576 2.43 0.32 0.13
106 -47.7028 9.11605 8.54614 2.44 0.33 0.22
107 -27.5402 3.51991 3.21647 2.43 0.33 0.37
108 -18.7369 2.21001 2.00093 2.42 0.33 0.52
109 -13.8609 1.56677 1.40163 2.42 0.33 0.67
110 -10.783 1.2955 1.19454 2.41 0.33 0.82
111 -8.92969 1.41063 1.33371 2.41 0.33 0.95
112 -38.1393 19.0654 17.553 2.44 0.38 0.24
113 -23.5071 6.21858 4.93932 2.45 0.39 0.37
114 -16.0127 3.1977 2.60925 2.45 0.39 0.52
115 -11.8526 2.18567 1.77107 2.44 0.39 0.67
116 -9.23574 1.57829 1.2785 2.44 0.39 0.82
117 -7.65535 1.66097 1.33414 2.44 0.39 0.95
118 -30.0656 20.6907 24.6937 2.65 0.43 0.27
119 -21.0687 8.45303 9.74125 2.71 0.44 0.37
120 -14.4259 5.06137 4.67312 2.7 0.44 0.52
121 -10.736 3.68536 2.94584 2.71 0.44 0.67
122 -8.40534 2.64737 2.09973 2.71 0.44 0.82
123 -6.99067 2.39997 1.98211 2.7 0.44 0.95
124 -18.907 38.0097 37.2874 2.96 0.48 0.38
125 -13.3817 32.2561 19.8207 2.96 0.48 0.52
126 -9.99851 22.3369 12.3351 2.96 0.48 0.67
127 -7.74134 13.0966 7.81181 2.95 0.48 0.83
128 -6.55694 17.6604 8.92796 2.95 0.48 0.95
129 -219.38 71.0035 68.0657 3.12 0.17 0.09
130 -95.4915 22.293 22.0399 3.12 0.17 0.22
131 -57.5192 15.5542 15.4199 3.11 0.17 0.36
132 -38.4935 9.78003 9.71898 3.11 0.17 0.52
133 -28.8072 6.99038 6.9773 3.11 0.17 0.67
134 -22.669 5.12842 5.13674 3.11 0.17 0.82
135 -18.9387 5.35174 5.31697 3.11 0.17 0.95
136 -160.258 21.7434 21.8416 3.49 0.21 0.1
137 -76.766 4.82943 4.82175 3.53 0.21 0.22
138 -45.1396 3.4479 3.43666 3.54 0.21 0.37
139 -31.2026 2.51041 2.50819 3.5 0.21 0.52
140 -23.4181 1.84038 1.8446 3.48 0.21 0.67
141 -18.4788 1.45484 1.45948 3.47 0.21 0.82
142 -15.4588 1.47336 1.47687 3.45 0.21 0.95
143 -117.411 58.3624 63.1692 3.84 0.26 0.11
144 -61.3132 4.57899 4.5671 3.84 0.26 0.22
145 -36.1458 2.57141 2.54571 3.84 0.26 0.37
146 -25.0864 1.8288 1.80469 3.85 0.26 0.52
147 -18.8841 1.388 1.37011 3.83 0.26 0.67
148 -14.9357 1.14081 1.13084 3.81 0.26 0.82
149 -12.5116 1.1991 1.19708 3.77 0.26 0.95
150 -83.8686 151.183 138.426 3.74 0.31 0.13
151 -47.6439 7.25888 7.38723 3.74 0.33 0.22
152 -28.0494 3.23998 3.096 3.73 0.33 0.37
153 -19.434 2.03511 1.911 3.72 0.33 0.52
154 -14.6146 1.41763 1.32445 3.71 0.33 0.67
155 -11.5461 1.04389 0.976462 3.69 0.33 0.82
156 -9.6856 1.02581 0.95224 3.7 0.33 0.95
157 -37.786 13.1699 15.5532 3.7 0.38 0.24
158 -23.6132 5.04173 4.61856 3.69 0.39 0.37
159 -16.3559 2.679 2.34259 3.67 0.39 0.52
160 -12.2974 1.77278 1.52412 3.66 0.39 0.67
161 -9.71756 1.33762 1.13091 3.65 0.39 0.82
162 -8.14456 1.44268 1.17146 3.64 0.39 0.95
163 -28.6025 -0 -0 3.63 0.43 0.28
164 -20.5002 6.41165 6.12818 3.66 0.45 0.37
165 -14.2061 3.30834 3.36035 3.66 0.45 0.52
166 -10.6856 2.24344 1.96276 3.64 0.45 0.67
167 -8.4481 1.60017 1.33703 3.63 0.45 0.82
168 -7.08406 1.49851 1.2759 3.62 0.45 0.95
169 -16.6516 15.4941 16.8931 3.67 0.5 0.41
170 -12.8673 2.2304 1.92187 3.77 0.5 0.52
171 -9.69638 4.12178 2.90346 3.76 0.5 0.67
172 -7.68061 2.83909 1.90643 3.76 0.5 0.82
173 -6.45198 2.46985 1.66611 3.76 0.5 0.95
174 -11.2926 15.9593 20.4278 4.14 0.55 0.54
175 -8.75533 9.76281 8.40282 4.2 0.56 0.67
176 -6.96377 2.91198 2.38885 4.18 0.56 0.82
177 -5.86956 7.54006 3.45822 4.19 0.56 0.95
178 -104.171 155.318 143.121 4.82 0.27 0.12
179 -56.8455 8.95328 8.98824 4.86 0.28 0.22
180 -33.775 5.49951 5.45226 4.86 0.28 0.37
181 -23.6121 4.31544 4.25232 4.87 0.28 0.52
182 -17.9061 3.32364 3.30469 4.86 0.28 0.67
183 -14.2615 2.68286 2.69859 4.84 0.28 0.82
184 -12.0331 2.86128 2.90531 4.83 0.28 0.95
185 -77.9497 171.792 157.049 5.27 0.31 0.14
186 -47.5865 9.35076 9.65441 5.44 0.33 0.22
187 -28.3643 3.93892 3.90729 5.46 0.33 0.37
188 -19.8909 2.66941 2.61535 5.48 0.33 0.52
189 -15.1317 2.0427 1.98855 5.48 0.33 0.67
190 -12.086 1.64584 1.60243 5.45 0.33 0.82
191 -10.2157 1.66974 1.63165 5.41 0.33 0.95
192 -36.0136 14.0401 16.2266 5.9 0.38 0.25
193 -23.6726 5.23334 5.30033 5.91 0.39 0.37
194 -16.6321 2.77027 2.6554 5.92 0.39 0.52
195 -12.6767 1.77685 1.67908 5.92 0.39 0.67
196 -10.148 1.29079 1.21025 5.91 0.39 0.82
197 -8.59641 1.30015 1.19558 5.89 0.39 0.95
198 -28.1936 22.5612 27.3992 5.75 0.43 0.28
199 -20.7847 7.59507 8.87225 5.8 0.44 0.37
200 -14.2535 3.98035 3.98005 5.78 0.45 0.52
201 -10.8596 2.41646 2.25751 5.76 0.45 0.67
202 -8.68936 1.64157 1.48315 5.73 0.45 0.82
203 -7.35897 1.51619 1.32554 5.71 0.45 0.95
204 -16.7103 15.9832 22.4011 5.66 0.49 0.41
205 -12.5091 5.85744 7.6048 5.71 0.51 0.52
206 -9.53376 4.34851 3.43002 5.66 0.51 0.67
207 -7.63168 3.02392 2.08271 5.66 0.51 0.82
208 -6.46512 2.73336 1.76756 5.63 0.51 0.95
209 -10.7289 11.8462 18.0343 5.53 0.55 0.56
210 -8.53764 5.7244 7.64326 5.65 0.57 0.67
211 -6.84035 2.81225 3.13106 5.58 0.57 0.82
212 -5.79857 3.64923 2.2663 5.58 0.57 0.95
213 -7.4028 15.3363 14.5161 5.67 0.61 0.72
214 -6.2278 6.29802 7.80734 5.92 0.62 0.83
215 -5.35823 5.22451 4.67566 5.98 0.62 0.95
216 -32.659 95.1709 82.2559 7.24 0.4 0.26
217 -23.0283 41.0262 41.68 7.27 0.4 0.37
218 -16.2542 31.0192 26.516 7.28 0.4 0.52
219 -12.4431 19.04 15.2374 7.27 0.4 0.67
220 -10.0046 15.1619 11.5564 7.27 0.4 0.82
221 -8.50969 18.0259 11.9657 7.29 0.4 0.95
222 -28.0068 78.6416 66.4583 7.54 0.43 0.28
223 -19.6518 12.8726 11.0647 7.75 0.45 0.38
224 -14.2676 10.8173 10.5928 7.8 0.45 0.52
225 -10.9386 6.51641 5.76759 7.79 0.45 0.67
226 -8.80848 4.36272 3.69769 7.81 0.45 0.82
227 -7.50068 4.37403 3.33572 7.82 0.45 0.95
228 -16.1374 24.0464 29.7925 8.22 0.49 0.42
229 -12.4053 8.91262 11.3621 8.42 0.51 0.52
230 -9.52695 7.84404 6.91347 8.46 0.51 0.67
231 -7.68423 5.59866 4.37975 8.45 0.51 0.82
232 -6.55227 5.05496 3.62144 8.45 0.51 0.95
233 -10.374 20.2102 24.4527 8.62 0.55 0.57
234 -8.45894 8.23607 11.2704 8.7 0.56 0.68
235 -6.80399 3.72044 4.54304 8.69 0.57 0.82
236 -5.80647 3.39215 2.67972 8.63 0.57 0.95
237 -7.3038 18.3207 15.9192 8.1 0.6 0.73
238 -6.24914 7.99499 10.7771 8.55 0.61 0.83
